0.0100000000 0.0000399584 0.0000399600 1.9990259267
0.0104737090 0.0000438316 0.0000438335 1.9989775439
0.0109698580 0.0000480801 0.0000480824 1.9989291611
0.0114895100 0.0000527402 0.0000527429 1.9988784914
0.0120337784 0.0000578518 0.0000578551 1.9988254270
0.0126038293 0.0000634586 0.0000634626 1.9987698549
0.0132008840 0.0000696086 0.0000696134 1.9987116569
0.0138262217 0.0000763544 0.0000763602 1.9986507093
0.0144811823 0.0000837535 0.0000837606 1.9985868825
0.0151671689 0.0000918694 0.0000918779 1.9985200409
0.0158856513 0.0001007713 0.0001007815 1.9984500426
0.0166381689 0.0001105353 0.0001105475 1.9983767390
0.0174263339 0.0001212448 0.0001212595 1.9982999744
0.0182518349 0.0001329913 0.0001330090 1.9982195860
0.0191164408 0.0001458751 0.0001458964 1.9981354035
0.0200220037 0.0001600062 0.0001600318 1.9980472484
0.0209704640 0.0001755052 0.0001755360 1.9979549340
0.0219638537 0.0001925044 0.0001925415 1.9978582649
0.0230043012 0.0002111487 0.0002111933 1.9977570366
0.0240940356 0.0002315972 0.0002316509 1.9976510351
0.0252353917 0.0002540243 0.0002540888 1.9975400363
0.0264308149 0.0002786209 0.0002786986 1.9974238058
0.0276828663 0.0003055968 0.0003056902 1.9973020985
0.0289942285 0.0003351816 0.0003352940 1.9971746576
0.0303677112 0.0003676271 0.0003677623 1.9970412147
0.0318062569 0.0004032096 0.0004033722 1.9969014887
0.0333129479 0.0004422315 0.0004424271 1.9967551858
0.0348910121 0.0004850246 0.0004852600 1.9966019985
0.0365438307 0.0005319525 0.0005322356 1.9964416050
0.0382749448 0.0005834137 0.0005837542 1.9962736688
0.0400880633 0.0006398448 0.0006402545 1.9960978381
0.0419870708 0.0007017245 0.0007022172 1.9959137447
0.0439760361 0.0007695771 0.0007701698 1.9957210035
0.0460592204 0.0008439772 0.0008446901 1.9955192120
0.0482410870 0.0009255544 0.0009264119 1.9953079492
0.0505263107 0.0010149983 0.0010160296 1.9950867748
0.0529197874 0.0011130644 0.0011143047 1.9948552285
0.0554266452 0.0012205800 0.0012220717 1.9946128292
0.0580522552 0.0013384515 0.0013402453 1.9943590739
0.0608022426 0.0014676710 0.0014698282 1.9940934368
0.0636824994 0.0016093251 0.0016119192 1.9938153683
0.0666991966 0.0017646032 0.0017677226 1.9935242943
0.0698587975 0.0019348074 0.0019385581 1.9932196146
0.0731680714 0.0021213623 0.0021258721 1.9929007023
0.0766341087 0.0023258272 0.0023312493 1.9925669024
0.0802643352 0.0025499078 0.0025564264 1.9922175307
0.0840665289 0.0027954695 0.0028033061 1.9918518726
0.0880488358 0.0030645527 0.0030739730 1.9914691818
0.0922197882 0.0033593876 0.0033707111 1.9910686792
0.0965883224 0.0036824121 0.0036960224 1.9906495512
0.1011637980 0.0040362898 0.0040526475 1.9902109488
0.1059560179 0.0044239305 0.0044435886 1.9897519856
0.1109752496 0.0048485112 0.0048721338 1.9892717370
0.1162322469 0.0053135001 0.0053418842 1.9887692381
0.1217382728 0.0058226812 0.0058567834 1.9882434825
0.1275051241 0.0063801816 0.0064211497 1.9876934207
0.1335451563 0.0069905005 0.0070397116 1.9871179581
0.1398713103 0.0076585398 0.0077176457 1.9865159541
0.1464971398 0.0083896376 0.0084606191 1.9858862195
0.1534368409 0.0091896035 0.0092748355 1.9852275154
0.1607052818 0.0100647554 0.0101670846 1.9845385511
0.1683180353 0.0110219599 0.0111447974 1.9838179825
0.1762914118 0.0120686731 0.0122161053 1.9830644101
0.1846424943 0.0132129851 0.0133899057 1.9822763773
0.1933891750 0.0144636648 0.0146759326 1.9814523684
0.2025501939 0.0158302075 0.0160848338 1.9805908066
0.2121451785 0.0173228835 0.0176282558 1.9796900525
0.2221946861 0.0189527873 0.0193189349 1.9787484017
0.2327202479 0.0207318876 0.0211707982 1.9777640833
0.2437444150 0.0226730772 0.0231990715 1.9767352577
0.2552908068 0.0247902217 0.0254203990 1.9756600150
0.2673841616 0.0270982060 0.0278529716 1.9745363727
0.2800503894 0.0296129784 0.0305166678 1.9733622746
0.2933166278 0.0323515888 0.0334332061 1.9721355884
0.3072112999 0.0353322225 0.0366263114 1.9708541042
0.3217641750 0.0385742239 0.0401218949 1.9695155329
0.3370064329 0.0420981117 0.0439482500 1.9681175048
0.3529707303 0.0459255794 0.0481362653 1.9666575679
0.3696912707 0.0500794817 0.0527196546 1.9651331869
0.3872038782 0.0545838006 0.0577352077 1.9635417418
0.4055460736 0.0594635905 0.0632230607 1.9618805269
0.4247571553 0.0647448961 0.0692269904 1.9601467502
0.4448782831 0.0704546411 0.0757947317 1.9583375328
0.4659525669 0.0766204826 0.0829783216 1.9564499083
0.4880251584 0.0832706279 0.0908344714 1.9544808231
0.5111433483 0.0904336092 0.0994249679 1.9524271361
0.5353566677 0.0981380134 0.1088171082 1.9502856197
0.5607169938 0.1064121634 0.1190841672 1.9480529606
0.5872786613 0.1152837497 0.1303059028 1.9457257609
0.6150985789 0.1247794113 0.1425690996 1.9433005401
0.6442363509 0.1349242660 0.1559681548 1.9407737370
0.6747544053 0.1457413940 0.1706057077 1.9381417128
0.7067181274 0.1572512790 0.1865933167 1.9354007539
0.7401959997 0.1694712143 0.2040521860 1.9325470760
0.7752597489 0.1824146851 0.2231139452 1.9295768288
0.8119844993 0.1960907400 0.2439214844 1.9264861007
0.8504489342 0.2105033677 0.2666298488 1.9232709249
0.8907354639 0.2256508990 0.2914071944 1.9199272861
0.9329304026 0.2415254556 0.3184358096 1.9164511281
0.9771241535 0.2581124687 0.3479132050 1.9128383615
1.0234114021 0.2753902918 0.3800532738 1.9090848738
1.0718913192 0.2933299319 0.4150875283 1.9051865387
1.1226677735 0.3118949207 0.4532664125 1.9011392277
1.1758495541 0.3310413457 0.4948606966 1.8969388220
1.2315506033 0.3507180540 0.5401629542 1.8925812257
1.2898902613 0.3708670393 0.5894891261 1.8880623797
1.3509935212 0.3914240103 0.6431801731 1.8833782774
1.4149912974 0.4123191375 0.7016038189 1.8785249804
1.4820207058 0.4334779588 0.7651563880 1.8734986364
1.5522253574 0.4548224254 0.8342647363 1.8682954971
1.6257556664 0.4762720550 0.9093882799 1.8629119379
1.7027691722 0.4977451571 0.9910211203 1.8573444784
1.7834308769 0.5191600922 1.0796942677 1.8515898035
1.8679135990 0.5404365222 1.1759779625 1.8456447860
1.9563983435 0.5614966129 1.2804840951 1.8395065092
2.0490746898 0.5822661490 1.3938687219 1.8331722912
2.1461411979 0.6026755317 1.5168346773 1.8266397093
2.2478058335 0.6226606299 1.6501342801 1.8199066243
2.3542864143 0.6421634678 1.7945721298 1.8129712064
2.4658110758 0.6611327376 1.9510079929 1.8058319605
2.5826187607 0.6795241341 2.1203597724 1.7984877514
2.7049597305 0.6973005163 2.3036065595 1.7909378293
2.8330961018 0.7144319056 2.5017917605 1.7831818544
2.9673024082 0.7308953381 2.7160262958 1.7752199214
3.1078661878 0.7466745888 2.9474918657 1.7670525825
3.2550885998 0.7617597914 3.1974442760 1.7586808701
3.4092850697 0.7761469747 3.4672168207 1.7501063170
3.5707859649 0.7898375402 3.7582237138 1.7413309761
3.7399373025 0.8028377005 4.0719635668 1.7323574370
3.9171014908 0.8151578991 4.4100229058 1.7231888418
4.1026581058 0.8268122285 4.7740797251 1.7138288970
4.2970047043 0.8378178607 5.1659070724 1.7042818832
4.5005576757 0.8481945012 5.5873766638 1.6945526626
4.7137531341 0.8579638772 6.0404625270 1.6846466817
4.9370478528 0.8671492633 6.5272446715 1.6745699718
5.1709202429 0.8757750517 7.0499127885 1.6643291456
5.4158713781 0.8838663671 7.6107699823 1.6539313898
5.6724260685 0.8914487274 8.2122365387 1.6433844539
5.9411339850 0.8985477489 8.8568537372 1.6326966348
6.2225708367 0.9051888953 9.5472877161 1.6218767583
6.5173396049 0.9113972657 10.2863334027 1.6109341554
6.8260718343 0.9171974210 11.0769185216 1.5998786355
7.1494289866 0.9226132436 11.9221076980 1.5887204557
7.4881038576 0.9276678276 12.8251066756 1.5774702857
7.8428220613 0.9323833952 13.7892666697 1.5661391705
8.2143435849 0.9367812378 14.8180888796 1.5547384889
8.6034644167 0.9408816760 15.9152291877 1.5432799095
9.0110182517 0.9447040377 17.0845030723 1.5317753443
9.4378782778 0.9482666502 18.3298907655 1.5202368997
9.8849590466 0.9515868445 19.6555426892 1.5086768261
10.3532184330 0.9546809692 21.0657852022 1.4971074665
10.8436596869 0.9575644123 22.5651266949 1.4855412034
11.3573335834 0.9602516296 24.1582640682 1.4739904060
11.8953406737 0.9627561765 25.8500896336 1.4624673775
12.4588336430 0.9650907447 27.6456984740 1.4509843029
13.0490197801 0.9672672004 29.5503963026 1.4395531975
13.6671635646 0.9692966236 31.5697078599 1.4281858576
14.3145893752 0.9711893491 33.7093858867 1.4168938125
14.9926843279 0.9729550068 35.9754207121 1.4056882795
15.7029012473 0.9746025622 38.3740504949 1.3945801209
16.4467617799 0.9761403551 40.9117721552 1.3835798046
17.2258596540 0.9775761389 43.5953530342 1.3726973679
18.0418640939 0.9789171171 46.4318433173 1.3619423848
18.8965233969 0.9801699787 49.4285892577 1.3513239366
19.7916686785 0.9813409328 52.5932472340 1.3408505874
20.7292177960 0.9824357408 55.9337986779 1.3305303626
21.7111794569 0.9834597466 59.4585659044 1.3203707319
22.7396575236 0.9844179065 63.1762288799 1.3103785961
23.8168555198 0.9853148158 67.0958429612 1.3005602779
24.9450813523 0.9861547348 71.2268576398 1.2909215165
26.1267522556 0.9869416130 75.5791363250 1.2814674659
27.3643999707 0.9876791114 80.1629772024 1.2722026968
28.6606761695 0.9883706238 84.9891352020 1.2631312020
30.0183581358 0.9890192963 90.0688451145 1.2542564041
31.4403547159 0.9896280457 95.4138458938 1.2455811672
32.9297125510 0.9901995764 101.0364061862 1.2371078108
34.4896226041 0.9907363964 106.9493511291 1.2288381253
36.1234269971 0.9912408317 113.1660904639 1.2207733909
37.8346261713 0.9917150403 119.7006480115 1.2129143970
39.6268863870 0.9921610246 126.5676925595 1.2052614644
41.5040475785 0.9925806430 133.7825702163 1.1978144675
43.4701315813 0.9929756210 141.3613382881 1.1905728584
45.5293507487 0.9933475607 149.3208007403 1.1835356915
47.6861169771 0.9936979508 157.6785453081 1.1767016485
49.9450511586 0.9940281744 166.4529823243 1.1700690636
52.3109930806 0.9943395175 175.6633853379 1.1636359494
54.7890117959 0.9946331758 185.3299336023 1.1574000216
57.3844164830 0.9949102617 195.4737565132 1.1513587249
60.1027678207 0.9951718106 206.1169800855 1.1455092570
62.9498899022 0.9954187865 217.2827755608 1.1398485930
65.9318827133 0.9956520871 228.9954102435 1.1343735089
69.0551352016 0.9958725493 241.2803006688 1.1290806042
72.3263389648 0.9960809529 254.1640682111 1.1239663238
75.7525025877 0.9962780255 267.6745972484 1.1190269788
79.3409666580 0.9964644459 281.8410960034 1.1142587665
83.0994194935 0.9966408478 296.6941601883 1.1096577893
87.0359136149 0.9968078230 312.2658395876 1.1052200726
91.1588829975 0.9969659247 328.5897077198 1.1009415816
95.4771611421 0.9971156697 345.7009347254 1.0968182370
100.0000000000 0.9972575418 363.6363636364 1.0928459297
