54 2.800e-01 1.000e+00 2.763e-13 1.29836e-11   
74 3.900e-01 0.000e+00 7.048e-13 6.61271e-12   
64 3.300e-01 0.000e+00 8.787e-13 6.43610e-12   
60 3.100e-01 0.000e+00 4.881e-13 4.91621e-12   
58 3.000e-01 0.000e+00 9.603e-13 2.36002e-11   
62 1.260e+00 1.000e+00 7.216e-13 1.18614e-11   
62 1.260e+00 1.000e+00 9.687e-13 1.15351e-11   
58 1.180e+00 1.000e+00 6.937e-13 4.16067e-11   
66 1.330e+00 2.000e+00 9.348e-13 1.64927e-11   
64 1.290e+00 1.000e+00 7.347e-13 4.33504e-11   
56 4.310e+00 5.000e+00 9.886e-13 6.37791e-11   
62 4.870e+00 5.000e+00 8.062e-13 7.65727e-11   
64 4.960e+00 5.000e+00 6.323e-13 2.23603e-11   
62 4.790e+00 5.000e+00 2.328e-13 1.33582e-11   
60 4.630e+00 5.000e+00 8.530e-13 3.36611e-11   
48 1.398e+01 1.400e+01 5.257e-13 6.61494e-11   
50 1.443e+01 1.500e+01 9.925e-13 1.47826e-10   
50 1.447e+01 1.500e+01 9.181e-13 4.08120e-11   
54 1.585e+01 1.600e+01 5.864e-13 8.07997e-11   
50 1.437e+01 1.500e+01 9.602e-13 6.27658e-11   
50 5.689e+01 5.800e+01 3.717e-13 6.72844e-11   
52 5.908e+01 6.000e+01 5.455e-13 5.14572e-11   
50 5.725e+01 5.800e+01 6.386e-13 1.40615e-10   
46 5.271e+01 5.300e+01 6.514e-13 9.90748e-11   
50 5.672e+01 5.700e+01 6.469e-13 1.58264e-10   
48 2.544e+02 2.570e+02 5.596e-13 1.64098e-10   
58 3.033e+02 3.060e+02 8.650e-13 1.40116e-10   
46 2.428e+02 2.450e+02 6.985e-13 1.60418e-10   
56 2.957e+02 2.980e+02 3.553e-13 5.52204e-11   
50 2.630e+02 2.650e+02 9.190e-13 2.28845e-10   
