1 6.600e-01 1.000e+00 1.944e-01 3.59022e+00   
2 6.700e-01 0.000e+00 1.450e-01 1.22553e+00   
3 1.250e+00 1.000e+00 1.849e-02 6.99442e-02   
4 1.250e+00 1.000e+00 2.105e-02 5.52140e-02   
5 1.810e+00 1.000e+00 2.223e-03 1.05440e-02   
6 1.810e+00 2.000e+00 2.758e-03 8.52596e-03   
7 2.390e+00 3.000e+00 2.891e-04 2.31641e-03   
8 2.390e+00 3.000e+00 3.978e-04 1.92622e-03   
9 2.950e+00 3.000e+00 4.313e-05 5.32639e-04   
10 2.950e+00 3.000e+00 6.166e-05 4.41158e-04   
12 3.530e+00 4.000e+00 1.196e-05 2.18774e-04   
13 4.090e+00 4.000e+00 9.867e-07 1.04362e-04   
14 4.100e+00 4.000e+00 2.388e-06 9.10898e-05   
15 4.670e+00 5.000e+00 2.738e-07 5.25774e-05   
17 5.240e+00 5.000e+00 6.341e-08 1.29266e-05   
18 5.250e+00 5.000e+00 9.061e-08 8.85778e-06   
20 5.810e+00 6.000e+00 3.147e-08 4.46172e-06   
22 6.360e+00 6.000e+00 7.676e-09 1.78176e-06   
24 6.940e+00 8.000e+00 4.391e-09 9.85625e-07   
27 8.080e+00 8.000e+00 4.159e-10 1.28717e-07   
29 8.640e+00 9.000e+00 1.195e-10 2.38711e-08   
32 9.220e+00 9.000e+00 1.300e-11 3.08350e-09   
36 1.035e+01 1.100e+01 1.947e-12 3.95881e-10   
38 1.096e+01 1.100e+01 6.963e-13 9.00877e-11   
38 1.094e+01 1.100e+01 6.963e-13 9.00877e-11   
38 1.097e+01 1.100e+01 6.963e-13 9.00877e-11   
38 1.095e+01 1.100e+01 6.963e-13 9.00877e-11   
38 1.096e+01 1.100e+01 6.963e-13 9.00877e-11   
38 1.097e+01 1.100e+01 6.963e-13 9.00877e-11   
38 1.095e+01 1.100e+01 6.963e-13 9.00877e-11   
38 1.097e+01 1.100e+01 6.963e-13 9.00877e-11   
38 1.095e+01 1.100e+01 6.963e-13 9.00877e-11   
38 1.096e+01 1.100e+01 6.963e-13 9.00877e-11   
38 1.096e+01 1.100e+01 6.963e-13 9.00877e-11   
