466 4.000e-01 0.000e+00 9.743e-13 6.34478e-11   
464 4.000e-01 1.000e+00 9.598e-13 8.69753e-11   
400 3.400e-01 1.000e+00 9.580e-13 7.45970e-11   
514 4.400e-01 0.000e+00 9.786e-13 7.25837e-11   
480 4.100e-01 1.000e+00 9.054e-13 8.46026e-11   
366 2.810e+00 3.000e+00 9.594e-13 1.47153e-10   
356 2.740e+00 3.000e+00 9.638e-13 1.46227e-10   
402 3.100e+00 3.000e+00 9.509e-13 1.65111e-10   
440 3.390e+00 4.000e+00 9.574e-13 1.82574e-10   
390 3.010e+00 3.000e+00 9.564e-13 1.46833e-10   
440 2.800e+01 2.800e+01 9.051e-13 2.79184e-11   
296 1.875e+01 1.900e+01 9.653e-13 3.68621e-10   
326 2.076e+01 2.100e+01 9.302e-13 3.16435e-10   
268 1.709e+01 1.700e+01 9.626e-13 2.09471e-10   
436 2.780e+01 2.800e+01 9.352e-13 3.14046e-11   
440 2.914e+02 2.910e+02 9.925e-13 3.21456e-11   
524 3.468e+02 3.470e+02 9.313e-13 2.78522e-11   
448 2.957e+02 2.960e+02 9.216e-13 3.28967e-11   
470 3.100e+02 3.110e+02 8.992e-13 5.54718e-11   
400 2.642e+02 2.650e+02 9.452e-13 4.69321e-11   
268 1.947e+03 1.951e+03 9.891e-13 4.51903e-10   
224 1.629e+03 1.633e+03 7.180e-13 2.40033e-10   
250 1.818e+03 1.822e+03 8.289e-13 4.29841e-10   
564 4.100e+03 4.103e+03 9.893e-13 2.86820e-11   
234 1.701e+03 1.705e+03 9.546e-13 4.46043e-10   
