10 3.500000e-01 1.000000e+00 2.620167e-01 2.273874e+02
10 3.600000e-01 1.000000e+00 2.364635e-02 3.383982e-01
10 3.400000e-01 0.000000e+00 2.248483e-02 3.253129e+02
10 3.400000e-01 0.000000e+00 5.087244e-03 3.764863e-02
10 2.380000e+00 2.000000e+00 2.748359e-02 2.367790e+02
10 2.400000e+00 2.000000e+00 1.687667e-03 4.424049e-02
10 2.340000e+00 2.000000e+00 2.882090e-02 2.960819e+02
10 2.370000e+00 2.000000e+00 6.635529e-03 1.561141e-01
10 0.000000e+00 0.000000e+00 8.697323e-03 1.255533e+02
10 0.000000e+00 0.000000e+00 3.589966e-04 1.575956e-03
10 0.000000e+00 0.000000e+00 4.007050e-03 1.363728e+02
20 0.000000e+00 0.000000e+00 7.129884e-09 1.363728e+02
26 0.000000e+00 0.000000e+00 5.048442e-13 1.363728e+02
26 0.000000e+00 0.000000e+00 1.657008e-14 1.088387e-13
10 0.000000e+00 0.000000e+00 4.270242e-02 1.964087e+02
20 0.000000e+00 0.000000e+00 5.595039e-08 1.964087e+02
28 0.000000e+00 0.000000e+00 5.334813e-14 1.964087e+02
28 0.000000e+00 0.000000e+00 7.049916e-15 4.908102e-14
10 0.000000e+00 0.000000e+00 5.148721e-03 1.202479e+02
20 0.000000e+00 0.000000e+00 5.903352e-09 1.202479e+02
28 0.000000e+00 0.000000e+00 2.314109e-14 1.202479e+02
28 0.000000e+00 0.000000e+00 3.594347e-15 1.814092e-14
10 1.000000e-02 0.000000e+00 1.720946e-02 1.500810e+02
10 1.000000e-02 0.000000e+00 5.658615e-04 3.073613e-03
10 6.000000e-02 0.000000e+00 1.298511e-03 1.944262e+02
10 6.000000e-02 0.000000e+00 7.907883e-05 9.438348e-04
10 3.400000e-01 0.000000e+00 5.920236e-02 2.389868e+02
10 3.500000e-01 0.000000e+00 4.171645e-03 7.299174e-02
10 3.400000e-01 0.000000e+00 1.547462e-02 2.750002e+02
20 6.300000e-01 1.000000e+00 2.867115e-06 2.750002e+02
30 9.200000e-01 1.000000e+00 1.793723e-11 2.750002e+02
34 9.700000e-01 1.000000e+00 4.785434e-13 2.750002e+02
34 9.800000e-01 1.000000e+00 7.680004e-14 2.074083e-12
10 3.400000e-01 1.000000e+00 2.025227e-02 2.079417e+02
20 6.300000e-01 1.000000e+00 6.238742e-06 2.079417e+02
30 9.100000e-01 1.000000e+00 6.790069e-12 2.079417e+02
36 1.030000e+00 1.000000e+00 7.940303e-13 2.079417e+02
36 1.040000e+00 1.000000e+00 1.178224e-14 3.403194e-13
10 3.400000e-01 0.000000e+00 3.429863e-01 2.217250e+02
20 6.200000e-01 1.000000e+00 3.352051e-06 2.217250e+02
30 9.000000e-01 1.000000e+00 1.202513e-11 2.217250e+02
34 9.600000e-01 1.000000e+00 3.727901e-13 2.217250e+02
34 9.700000e-01 1.000000e+00 1.110084e-13 2.547996e-12
10 2.370000e+00 3.000000e+00 1.998520e-01 3.094519e+02
10 2.400000e+00 3.000000e+00 9.473839e-03 1.745688e+00
10 2.350000e+00 3.000000e+00 7.554357e-02 2.000603e+02
20 4.290000e+00 5.000000e+00 1.280602e-06 2.000603e+02
30 6.250000e+00 7.000000e+00 2.576505e-10 2.000603e+02
34 6.640000e+00 7.000000e+00 8.607995e-13 2.000603e+02
34 6.670000e+00 7.000000e+00 9.610368e-15 4.622649e-13
10 1.110000e+00 1.000000e+00 3.768476e-02 5.334945e-01
20 2.220000e+00 2.000000e+00 2.475449e-02 2.263085e-01
30 3.320000e+00 3.000000e+00 1.594813e-02 1.217191e-01
40 4.430000e+00 4.000000e+00 1.103945e-02 7.389087e-02
50 5.530000e+00 5.000000e+00 8.158008e-03 4.960308e-02
60 6.630000e+00 6.000000e+00 6.330409e-03 3.646724e-02
70 7.740000e+00 8.000000e+00 5.083507e-03 2.860490e-02
80 8.850000e+00 9.000000e+00 4.178980e-03 2.327023e-02
90 9.940000e+00 1.000000e+01 3.490579e-03 1.932858e-02
100 1.105000e+01 1.100000e+01 2.947687e-03 1.625989e-02
10 1.110000e+00 2.000000e+00 3.906730e-02 5.481031e-01
20 2.220000e+00 3.000000e+00 2.477558e-02 2.306397e-01
30 3.320000e+00 4.000000e+00 1.507928e-02 1.217821e-01
40 4.430000e+00 5.000000e+00 1.003346e-02 7.391695e-02
50 5.530000e+00 6.000000e+00 7.308641e-03 4.980908e-02
60 6.640000e+00 7.000000e+00 5.690659e-03 3.618460e-02
70 7.740000e+00 8.000000e+00 4.622452e-03 2.773017e-02
80 8.850000e+00 9.000000e+00 3.849801e-03 2.215972e-02
90 9.960000e+00 1.100000e+01 3.253051e-03 1.827599e-02
100 1.106000e+01 1.200000e+01 2.772460e-03 1.535300e-02
110 1.216000e+01 1.300000e+01 2.375556e-03 1.303544e-02
120 1.327000e+01 1.400000e+01 2.042822e-03 1.113336e-02
130 1.437000e+01 1.500000e+01 1.761314e-03 9.555977e-03
140 1.547000e+01 1.600000e+01 1.521721e-03 8.229176e-03
150 1.658000e+01 1.700000e+01 1.316950e-03 7.104124e-03
160 1.769000e+01 1.800000e+01 1.141386e-03 6.145418e-03
170 1.879000e+01 1.900000e+01 9.904805e-04 5.325031e-03
180 1.990000e+01 2.100000e+01 8.604907e-04 4.621008e-03
190 2.100000e+01 2.200000e+01 7.483076e-04 4.014987e-03
200 2.211000e+01 2.300000e+01 6.513311e-04 3.492186e-03
210 2.321000e+01 2.400000e+01 5.673750e-04 3.040344e-03
220 2.431000e+01 2.500000e+01 4.945937e-04 2.649255e-03
230 2.542000e+01 2.600000e+01 4.314237e-04 2.310168e-03
240 2.653000e+01 2.700000e+01 3.765362e-04 2.015766e-03
0 1.100000e-01 0.000000e+00 2.504367e-02 1.986541e+02
20 4.560000e+00 4.000000e+00 1.526067e-02 3.265588e+01
40 9.000000e+00 9.000000e+00 1.373609e-03 1.854499e+00
60 1.345000e+01 1.300000e+01 1.514012e-04 1.043956e-01
80 1.790000e+01 1.800000e+01 4.018604e-06 2.407508e-03
100 2.235000e+01 2.200000e+01 2.218129e-07 8.517272e-05
120 2.679000e+01 2.700000e+01 3.663914e-08 5.661025e-06
140 3.126000e+01 3.200000e+01 1.555472e-09 2.509546e-07
160 3.572000e+01 3.600000e+01 1.739044e-11 3.870353e-09
180 4.017000e+01 4.100000e+01 3.752693e-13 1.742316e-10
0 1.200000e-01 0.000000e+00 2.356078e-02 1.899147e+02
20 4.560000e+00 5.000000e+00 3.801245e-02 2.599350e+01
40 9.000000e+00 9.000000e+00 1.542564e-03 2.501823e+00
60 1.343000e+01 1.400000e+01 1.178796e-04 1.633022e-01
80 1.787000e+01 1.800000e+01 6.699471e-06 2.599801e-03
100 2.231000e+01 2.300000e+01 4.086124e-07 5.799268e-05
0 1.200000e-01 0.000000e+00 3.033683e-02 2.302973e+02
20 4.560000e+00 4.000000e+00 1.795141e-02 5.132601e+01
40 8.990000e+00 9.000000e+00 5.884986e-03 1.816097e+01
60 1.343000e+01 1.300000e+01 2.545937e-03 6.086343e-01
80 1.786000e+01 1.800000e+01 1.875078e-04 1.151363e-01
100 2.229000e+01 2.200000e+01 6.980035e-05 8.542456e-03
120 2.673000e+01 2.700000e+01 9.762015e-06 2.061704e-03
140 3.117000e+01 3.100000e+01 1.011024e-06 1.751710e-04
160 3.559000e+01 3.600000e+01 1.617055e-07 2.412786e-05
180 4.003000e+01 4.000000e+01 9.702089e-09 1.804082e-06
200 4.446000e+01 4.500000e+01 4.157205e-10 1.498153e-07
0 1.200000e-01 0.000000e+00 2.905632e-02 2.230519e+02
20 4.560000e+00 5.000000e+00 1.116706e-02 1.141921e+01
40 9.050000e+00 9.000000e+00 2.240104e-03 7.531302e-01
60 1.363000e+01 1.400000e+01 2.417096e-04 1.281532e-01
80 1.810000e+01 1.900000e+01 8.915600e-05 1.004636e-02
100 2.254000e+01 2.300000e+01 3.797558e-06 7.864125e-04
120 2.698000e+01 2.800000e+01 1.518679e-07 4.881852e-05
140 3.142000e+01 3.200000e+01 1.117702e-08 7.118891e-07
160 3.585000e+01 3.700000e+01 2.079768e-10 4.423110e-08
180 4.030000e+01 4.100000e+01 2.107259e-12 1.123824e-10
200 4.477000e+01 4.600000e+01 7.026996e-14 1.860351e-11
0 1.200000e-01 0.000000e+00 2.643927e-02 2.080765e+02
10 4.570000e+00 5.000000e+00 2.185890e-02 3.533949e+01
0 1.100000e-01 0.000000e+00 2.643927e-02 2.080765e+02
10 4.550000e+00 4.000000e+00 2.185890e-02 3.533949e+01
0 1.100000e-01 0.000000e+00 2.643927e-02 2.080765e+02
10 4.550000e+00 4.000000e+00 2.185890e-02 3.533949e+01
0 1.100000e-01 0.000000e+00 2.643927e-02 2.080765e+02
10 4.550000e+00 5.000000e+00 2.185890e-02 3.533949e+01
0 1.100000e-01 0.000000e+00 2.643927e-02 2.080765e+02
10 4.550000e+00 5.000000e+00 2.185890e-02 3.533949e+01
0 1.100000e-01 0.000000e+00 2.111791e-02 1.867424e+02
10 4.550000e+00 5.000000e+00 8.058804e-03 2.476440e+01
0 1.200000e-01 0.000000e+00 2.871113e-02 2.213691e+02
10 4.560000e+00 4.000000e+00 1.391808e-02 1.513671e+01
0 1.200000e-01 0.000000e+00 1.938717e-02 1.778824e+02
0 1.200000e-01 0.000000e+00 2.498997e-02 2.022309e+02
10 4.560000e+00 4.000000e+00 2.215597e-02 4.457324e+01
0 1.100000e-01 0.000000e+00 2.498997e-02 2.022309e+02
0 1.200000e-01 0.000000e+00 2.018630e-02 1.777708e+02
1 4.600000e+00 5.000000e+00 1.226463e-02 2.794497e+01
0 1.100000e-01 0.000000e+00 2.018630e-02 1.777708e+02
16 4.620000e+00 5.000000e+00 1.226463e-02 2.794497e+01
0 1.000000e-01 0.000000e+00 2.356078e-02 1.899147e+02
20 4.540000e+00 5.000000e+00 3.801245e-02 2.599350e+01
0 1.100000e-01 0.000000e+00 3.033683e-02 2.302973e+02
20 4.580000e+00 4.000000e+00 7.690400e-03 6.617651e-01
0 1.000000e-01 1.000000e+00 2.356078e-02 1.899147e+02
20 4.550000e+00 5.000000e+00 3.801245e-02 2.599350e+01
0 1.000000e-01 0.000000e+00 2.204299e-02 1.860368e+02
1 5.200000e-01 1.000000e+00 4.323244e-02 2.157129e+01
0 1.200000e-01 0.000000e+00 2.204299e-02 1.860368e+02
1 5.400000e-01 0.000000e+00 4.323244e-02 2.157129e+01
0 1.200000e-01 0.000000e+00 2.204299e-02 1.860368e+02
1 5.400000e-01 0.000000e+00 4.323244e-02 2.157129e+01
0 1.100000e-01 1.000000e+00 2.204299e-02 1.860368e+02
1 5.300000e-01 1.000000e+00 4.323244e-02 2.157129e+01
0 1.000000e-01 0.000000e+00 2.204299e-02 1.860368e+02
16 3.720000e+00 4.000000e+00 1.246092e-02 4.342620e-01
0 8.000000e-02 0.000000e+00 2.204299e-02 1.860368e+02
1 4.200000e-01 0.000000e+00 4.323244e-02 2.157129e+01
0 9.000000e-02 0.000000e+00 2.204299e-02 1.860368e+02
1 4.300000e-01 0.000000e+00 4.323244e-02 2.157129e+01
2 7.900000e-01 1.000000e+00 5.002165e-02 1.162608e+01
1 1.800000e-01 0.000000e+00 4.167995e-02 8.099520e+01
10 2.870000e+00 3.000000e+00 2.094341e-02 6.344877e-01
20 5.480000e+00 6.000000e+00 8.078478e-04 3.460295e-02
30 8.090000e+00 8.000000e+00 2.252796e-06 7.396260e-05
40 1.069000e+01 1.100000e+01 5.920576e-08 2.750483e-06
50 1.330000e+01 1.400000e+01 3.664340e-12 3.602108e-11
